<svg version="1.1" id="Layer_1" xmlns="http://www.w3.org/2000/svg" xmlns:xlink="http://www.w3.org/1999/xlink" x="0px" y="0px"
	 width="100%" viewBox="0 0 1024 1024" enable-background="new 0 0 1024 1024" xml:space="preserve">
<path fill="#FFFFFF" opacity="1.000000" stroke="none" 
	d="
M179.000000,1025.000000 
	C119.673637,1025.000000 60.347282,1025.000000 1.015692,1025.000000 
	C1.010461,683.713745 1.010461,342.427521 1.010461,1.070642 
	C342.246124,1.070642 683.492249,1.070642 1024.869141,1.070642 
	C1024.869141,342.333313 1024.869141,683.666626 1024.875610,1025.000000 
	C928.559998,1025.000000 832.237976,1025.000000 735.633972,1024.608032 
	C735.037720,1022.763977 734.756165,1021.303894 734.404358,1019.860962 
	C724.244934,978.188904 710.090149,937.847534 692.169250,898.950745 
	C677.059021,866.154541 660.498535,834.028076 644.715759,801.539124 
	C638.244446,788.217834 631.588562,774.944763 629.440002,759.985046 
	C628.596863,754.114502 625.026428,749.748657 620.386169,746.210083 
	C617.613953,744.096069 614.844788,741.972046 612.167786,739.740295 
	C608.000427,736.265991 606.636230,731.773987 608.772705,726.822449 
	C612.997864,717.029968 617.417603,707.313904 622.030640,697.697632 
	C634.402710,671.906799 642.851318,644.349976 657.973816,619.735474 
	C661.616455,613.806458 662.644165,605.542725 662.748108,598.322083 
	C662.953430,584.074524 661.130615,569.805237 661.137573,555.545410 
	C661.146851,536.581726 669.502686,522.251038 687.627258,515.107849 
	C699.987549,510.236542 712.688782,506.210022 725.313660,502.035797 
	C740.006287,497.177856 754.977173,492.982178 768.149719,484.504883 
	C788.910583,471.144043 794.040222,449.976624 781.603088,428.689941 
	C778.940491,424.132782 775.792603,419.678680 772.091370,415.947845 
	C765.140503,408.941467 763.986084,401.610229 768.757690,393.051300 
	C770.873901,389.255402 770.458496,385.413849 767.854675,381.855347 
	C764.393494,377.125214 760.411133,373.411621 753.366760,374.951141 
	C754.746155,372.513977 755.845703,370.703339 756.819641,368.827576 
	C760.902710,360.964111 760.132568,355.376862 754.104370,348.990479 
	C751.131897,345.841461 748.096436,342.751740 745.137756,339.589966 
	C738.717163,332.728638 738.701721,329.170166 745.083862,322.289276 
	C749.270325,317.775757 753.902649,313.616821 757.658142,308.773895 
	C767.509033,296.070557 764.551819,283.196259 750.239014,275.950714 
	C744.367737,272.978516 738.224487,270.528717 732.142639,267.990540 
	C715.303040,260.962738 698.456177,253.951248 681.558105,247.065948 
	C675.386658,244.551331 671.391174,240.648865 670.741394,233.667465 
	C670.227722,228.149094 669.253235,222.673584 668.457214,216.992020 
	C670.268433,215.943085 672.273804,214.808914 674.253235,213.631180 
	C699.015625,198.898132 719.192932,179.839218 732.053589,153.561096 
	C742.683899,131.840347 744.249451,109.014771 740.766296,85.663589 
	C739.008972,73.883049 735.108582,62.586452 727.897095,52.809551 
	C719.692627,41.686249 709.233643,35.111240 694.760315,36.981773 
	C686.099609,38.101086 678.903564,42.469074 672.039185,47.385891 
	C643.602234,67.754799 615.211853,88.189369 586.908997,108.743858 
	C584.393555,110.570610 582.687012,110.580444 579.941406,109.324272 
	C568.592102,104.131714 557.336914,98.562408 545.585327,94.451721 
	C506.191925,80.671989 465.674438,75.245308 424.979797,86.404335 
	C340.188354,109.655350 280.660645,162.578537 247.324127,243.983139 
	C235.334518,273.260620 230.242584,304.146759 234.080994,335.934662 
	C237.424301,363.622284 246.651382,389.416473 260.269318,413.696014 
	C271.878632,434.394318 287.192169,452.289764 302.654816,470.089935 
	C303.831421,471.444427 304.362000,473.416718 304.997955,475.172455 
	C306.362061,478.938416 306.712341,483.461853 309.068848,486.398285 
	C314.253479,492.858887 320.121887,498.861877 326.269745,504.435608 
	C334.177368,511.604858 337.588348,510.907135 343.730591,501.840668 
	C345.892700,503.354950 348.392883,504.545929 350.139832,506.433868 
	C355.506592,512.233582 360.596100,518.290466 365.772614,524.265442 
	C374.535065,534.379517 383.222839,544.559448 392.096832,554.574524 
	C393.462982,556.116333 395.588928,557.051331 397.478546,558.049072 
	C401.415222,560.127686 403.229950,563.207153 403.034424,567.730591 
	C401.951324,592.789429 395.442780,616.220032 382.156708,637.604736 
	C381.429535,638.775146 379.756409,639.627014 378.349030,640.061462 
	C370.036102,642.627502 363.068542,647.112671 357.763458,654.046204 
	C338.911316,678.684998 317.747986,701.256592 296.110199,723.428406 
	C276.351685,743.674561 257.852692,764.953613 243.064728,789.254578 
	C222.079407,823.739563 209.611755,861.550964 200.194290,900.398560 
	C194.287704,924.763550 189.623978,949.462585 185.318512,974.171326 
	C182.391174,990.971191 181.050293,1008.047363 179.000000,1025.000000 
z"/>
<path fill="#000000" opacity="1.000000" stroke="none" 
	d="
M179.468658,1025.000000 
	C181.050293,1008.047363 182.391174,990.971191 185.318512,974.171326 
	C189.623978,949.462585 194.287704,924.763550 200.194290,900.398560 
	C209.611755,861.550964 222.079407,823.739563 243.064728,789.254578 
	C257.852692,764.953613 276.351685,743.674561 296.110199,723.428406 
	C317.747986,701.256592 338.911316,678.684998 357.763458,654.046204 
	C363.068542,647.112671 370.036102,642.627502 378.349030,640.061462 
	C379.756409,639.627014 381.429535,638.775146 382.156708,637.604736 
	C395.442780,616.220032 401.951324,592.789429 403.034424,567.730591 
	C403.229950,563.207153 401.415222,560.127686 397.478546,558.049072 
	C395.588928,557.051331 393.462982,556.116333 392.096832,554.574524 
	C383.222839,544.559448 374.535065,534.379517 365.772614,524.265442 
	C360.596100,518.290466 355.506592,512.233582 350.139832,506.433868 
	C348.392883,504.545929 345.892700,503.354950 343.730591,501.840668 
	C337.588348,510.907135 334.177368,511.604858 326.269745,504.435608 
	C320.121887,498.861877 314.253479,492.858887 309.068848,486.398285 
	C306.712341,483.461853 306.362061,478.938416 304.997955,475.172455 
	C304.362000,473.416718 303.831421,471.444427 302.654816,470.089935 
	C287.192169,452.289764 271.878632,434.394318 260.269318,413.696014 
	C246.651382,389.416473 237.424301,363.622284 234.080994,335.934662 
	C230.242584,304.146759 235.334518,273.260620 247.324127,243.983139 
	C280.660645,162.578537 340.188354,109.655350 424.979797,86.404335 
	C465.674438,75.245308 506.191925,80.671989 545.585327,94.451721 
	C557.336914,98.562408 568.592102,104.131714 579.941406,109.324272 
	C582.687012,110.580444 584.393555,110.570610 586.908997,108.743858 
	C615.211853,88.189369 643.602234,67.754799 672.039185,47.385891 
	C678.903564,42.469074 686.099609,38.101086 694.760315,36.981773 
	C709.233643,35.111240 719.692627,41.686249 727.897095,52.809551 
	C735.108582,62.586452 739.008972,73.883049 740.766296,85.663589 
	C744.249451,109.014771 742.683899,131.840347 732.053589,153.561096 
	C719.192932,179.839218 699.015625,198.898132 674.253235,213.631180 
	C672.273804,214.808914 670.268433,215.943085 668.457214,216.992020 
	C669.253235,222.673584 670.227722,228.149094 670.741394,233.667465 
	C671.391174,240.648865 675.386658,244.551331 681.558105,247.065948 
	C698.456177,253.951248 715.303040,260.962738 732.142639,267.990540 
	C738.224487,270.528717 744.367737,272.978516 750.239014,275.950714 
	C764.551819,283.196259 767.509033,296.070557 757.658142,308.773895 
	C753.902649,313.616821 749.270325,317.775757 745.083862,322.289276 
	C738.701721,329.170166 738.717163,332.728638 745.137756,339.589966 
	C748.096436,342.751740 751.131897,345.841461 754.104370,348.990479 
	C760.132568,355.376862 760.902710,360.964111 756.819641,368.827576 
	C755.845703,370.703339 754.746155,372.513977 753.366760,374.951141 
	C760.411133,373.411621 764.393494,377.125214 767.854675,381.855347 
	C770.458496,385.413849 770.873901,389.255402 768.757690,393.051300 
	C763.986084,401.610229 765.140503,408.941467 772.091370,415.947845 
	C775.792603,419.678680 778.940491,424.132782 781.603088,428.689941 
	C794.040222,449.976624 788.910583,471.144043 768.149719,484.504883 
	C754.977173,492.982178 740.006287,497.177856 725.313660,502.035797 
	C712.688782,506.210022 699.987549,510.236542 687.627258,515.107849 
	C669.502686,522.251038 661.146851,536.581726 661.137573,555.545410 
	C661.130615,569.805237 662.953430,584.074524 662.748108,598.322083 
	C662.644165,605.542725 661.616455,613.806458 657.973816,619.735474 
	C642.851318,644.349976 634.402710,671.906799 622.030640,697.697632 
	C617.417603,707.313904 612.997864,717.029968 608.772705,726.822449 
	C606.636230,731.773987 608.000427,736.265991 612.167786,739.740295 
	C614.844788,741.972046 617.613953,744.096069 620.386169,746.210083 
	C625.026428,749.748657 628.596863,754.114502 629.440002,759.985046 
	C631.588562,774.944763 638.244446,788.217834 644.715759,801.539124 
	C660.498535,834.028076 677.059021,866.154541 692.169250,898.950745 
	C710.090149,937.847534 724.244934,978.188904 734.404358,1019.860962 
	C734.756165,1021.303894 735.037720,1022.763977 735.176025,1024.608032 
	C549.979126,1025.000000 364.958221,1025.000000 179.468658,1025.000000 
z"/>
</svg>